PassYards|RushYards|ReceivingYards|Receptions|Touchdowns|Interceptions|Fumbles|Position
0|167|51|6|3|0|1|RB
0|154|55|7|3|0|1|RB
0|184|46|6|3|0|1|RB
0|109|12|2|2|0|1|RB
0|82|88|11|2|0|1|RB
0|167|17|2|3|0|0|RB
0|188|85|11|4|0|0|RB
0|87|33|4|2|0|1|RB
0|191|8|1|3|0|1|RB
0|81|88|11|2|0|1|RB
0|184|20|2|3|0|0|RB
0|121|1|0|2|0|1|RB
0|58|80|10|2|0|0|RB
0|143|4|0|2|0|1|RB
0|127|15|2|2|0|1|RB
0|114|60|8|2|0|0|RB
0|179|15|2|3|0|1|RB
0|219|23|3|3|0|1|RB
0|182|26|3|3|0|0|RB
0|206|40|5|4|0|1|RB
0|149|55|7|3|0|1|RB
0|51|6|1|1|0|0|RB
0|93|94|12|3|0|0|RB
0|166|31|4|3|0|0|RB
0|140|19|2|2|0|1|RB
0|211|16|2|3|0|1|RB
0|89|88|11|3|0|0|RB
0|105|74|9|3|0|1|RB
0|93|15|2|2|0|1|RB
0|64|95|12|2|0|1|RB
0|217|72|9|4|0|0|RB
0|75|51|6|2|0|1|RB
0|204|45|6|4|0|0|RB
0|91|29|4|2|0|1|RB
0|133|91|11|3|0|1|RB
0|65|87|11|2|0|0|RB
0|210|52|6|4|0|1|RB
0|92|57|7|2|0|0|RB
0|194|21|3|3|0|0|RB
0|50|52|6|1|0|1|RB
0|97|4|0|1|0|0|RB
0|96|96|12|3|0|0|RB
0|213|29|4|3|0|0|RB
0|150|15|2|2|0|1|RB
0|135|6|1|2|0|0|RB
0|147|58|7|3|0|0|RB
0|153|32|4|3|0|0|RB
0|92|25|3|2|0|0|RB
0|66|74|9|2|0|1|RB
0|197|25|3|3|0|0|RB
0|142|25|3|2|0|0|RB
0|171|59|7|3|0|0|RB
0|130|0|0|2|0|0|RB
0|76|75|9|2|0|1|RB
0|169|36|4|3|0|0|RB
0|198|97|12|4|0|0|RB
0|141|89|11|3|0|0|RB
0|143|79|10|3|0|0|RB
0|208|53|7|4|0|1|RB
0|64|19|2|1|0|1|RB
0|84|43|5|2|0|0|RB
0|161|54|7|3|0|0|RB
0|184|23|3|3|0|0|RB
0|56|18|2|1|0|1|RB
0|161|49|6|3|0|0|RB
0|220|61|8|4|0|1|RB
0|121|64|8|3|0|1|RB
0|168|98|12|4|0|1|RB
0|174|3|0|3|0|1|RB
0|128|80|10|3|0|0|RB
0|200|63|8|4|0|1|RB
0|99|9|1|2|0|1|RB
0|202|36|4|3|0|1|RB
0|209|76|10|4|0|1|RB
0|145|18|2|2|0|0|RB
0|172|82|10|4|0|0|RB
0|86|72|9|2|0|0|RB
0|52|66|8|2|0|0|RB
0|179|33|4|3|0|1|RB
0|144|4|0|2|0|1|RB
0|202|94|12|4|0|1|RB
0|224|21|3|4|0|0|RB
0|184|8|1|3|0|1|RB
0|93|48|6|2|0|1|RB
0|146|75|9|3|0|0|RB
0|97|61|8|2|0|1|RB
0|91|77|10|2|0|1|RB
0|147|23|3|2|0|1|RB
0|51|15|2|1|0|0|RB
0|108|20|2|2|0|1|RB
0|97|57|7|2|0|1|RB
0|58|72|9|2|0|1|RB
0|87|43|5|2|0|1|RB
0|106|10|1|2|0|0|RB
0|217|40|5|4|0|1|RB
0|193|29|4|3|0|0|RB
0|83|64|8|2|0|0|RB
0|77|37|5|2|0|1|RB
0|74|15|2|1|0|1|RB
0|191|20|2|3|0|1|RB
0|221|2|0|3|0|0|RB
0|135|61|8|3|0|0|RB
0|223|43|5|4|0|1|RB
0|156|37|5|3|0|1|RB
0|60|42|5|1|0|1|RB
0|170|72|9|3|0|0|RB
0|77|93|12|2|0|0|RB
0|174|90|11|4|0|0|RB
0|216|29|4|4|0|1|RB
0|57|29|4|1|0|0|RB
0|168|39|5|3|0|1|RB
0|145|23|3|2|0|1|RB
0|125|22|3|2|0|0|RB
0|183|71|9|4|0|0|RB
0|132|2|0|2|0|0|RB
0|126|80|10|3|0|0|RB
0|207|72|9|4|0|1|RB
0|114|72|9|3|0|0|RB
0|180|90|11|4|0|0|RB
0|60|90|11|2|0|1|RB
0|170|26|3|3|0|0|RB
0|163|94|12|4|0|1|RB
0|120|51|6|2|0|0|RB
0|139|8|1|2|0|1|RB
0|163|16|2|3|0|1|RB
0|111|23|3|2|0|0|RB
0|145|0|0|2|0|1|RB
0|200|17|2|3|0|1|RB
0|189|88|11|4|0|0|RB
0|143|58|7|3|0|1|RB
0|113|99|12|3|0|0|RB
0|107|66|8|2|0|0|RB
0|99|93|12|3|0|0|RB
0|164|57|7|3|0|0|RB
0|148|61|8|3|0|0|RB
0|93|16|2|2|0|0|RB
0|212|76|10|4|0|0|RB
0|75|33|4|2|0|0|RB
0|211|26|3|3|0|1|RB
0|150|45|6|3|0|1|RB
0|172|83|10|4|0|1|RB
0|203|29|4|3|0|1|RB
0|182|56|7|3|0|1|RB
0|67|80|10|2|0|1|RB
0|215|11|1|3|0|1|RB
0|117|1|0|2|0|1|RB
0|184|49|6|3|0|0|RB
0|205|91|11|4|0|0|RB
0|186|12|2|3|0|1|RB
0|218|17|2|3|0|1|RB
0|156|86|11|3|0|0|RB
0|145|96|12|3|0|1|RB
0|55|79|10|2|0|0|RB
0|195|50|6|4|0|1|RB
0|136|69|9|3|0|0|RB
0|133|52|6|3|0|0|RB
0|178|7|1|3|0|1|RB
0|78|62|8|2|0|1|RB
0|57|4|0|1|0|1|RB
0|145|40|5|3|0|0|RB
0|200|74|9|4|0|0|RB
0|197|100|12|4|0|1|RB
0|188|67|8|4|0|0|RB
0|135|84|10|3|0|0|RB
0|87|74|9|2|0|1|RB
0|80|73|9|2|0|0|RB
0|121|53|7|2|0|0|RB
0|72|45|6|2|0|0|RB
0|168|29|4|3|0|1|RB
0|84|14|2|1|0|0|RB
0|191|80|10|4|0|1|RB
0|172|26|3|3|0|1|RB
0|67|3|0|1|0|0|RB
0|196|50|6|4|0|1|RB
0|178|22|3|3|0|0|RB
0|79|84|10|2|0|0|RB
0|155|35|4|3|0|1|RB
0|90|30|4|2|0|0|RB
0|51|76|10|2|0|1|RB
0|112|28|4|2|0|1|RB
0|113|26|3|2|0|0|RB
0|91|4|0|1|0|0|RB
0|150|1|0|2|0|0|RB
0|156|75|9|3|0|1|RB
0|54|39|5|1|0|0|RB
0|168|59|7|3|0|1|RB
0|86|41|5|2|0|0|RB
0|174|97|12|4|0|1|RB
0|120|59|7|3|0|0|RB
0|101|99|12|3|0|1|RB
0|211|16|2|3|0|1|RB
0|75|70|9|2|0|1|RB
0|220|99|12|5|0|0|RB
0|110|56|7|2|0|0|RB
0|168|72|9|3|0|1|RB
0|86|32|4|2|0|0|RB
0|79|15|2|1|0|0|RB
0|127|37|5|2|0|0|RB
0|103|64|8|2|0|0|RB
0|149|20|2|2|0|1|RB
0|108|33|4|2|0|1|RB
0|110|70|9|3|0|0|RB
0|111|35|4|2|0|0|RB
0|188|22|3|3|0|0|RB
0|175|49|6|3|0|1|RB
0|64|56|7|2|0|1|RB
0|189|23|3|3|0|0|RB
0|166|69|9|3|0|0|RB
0|83|25|3|2|0|1|RB
0|184|93|12|4|0|0|RB
0|177|27|3|3|0|1|RB
0|161|64|8|3|0|1|RB
0|206|65|8|4|0|0|RB
0|151|40|5|3|0|0|RB
0|219|62|8|4|0|1|RB
0|144|80|10|3|0|1|RB
0|168|28|4|3|0|0|RB
0|160|6|1|2|0|0|RB
0|222|40|5|4|0|1|RB
0|196|15|2|3|0|0|RB
0|186|23|3|3|0|1|RB
0|96|12|2|2|0|1|RB
0|142|19|2|2|0|1|RB
0|196|46|6|3|0|1|RB
0|125|30|4|2|0|1|RB
0|165|66|8|3|0|0|RB
0|95|91|11|3|0|0|RB
0|107|56|7|2|0|1|RB
0|115|27|3|2|0|1|RB
0|194|10|1|3|0|0|RB
0|207|87|11|4|0|1|RB
0|196|9|1|3|0|1|RB
0|137|44|6|3|0|1|RB
0|202|3|0|3|0|1|RB
0|139|3|0|2|0|0|RB
0|53|82|10|2|0|1|RB
0|55|36|4|1|0|1|RB
0|190|43|5|3|0|0|RB
0|89|69|9|2|0|0|RB
0|52|36|4|1|0|1|RB
0|194|85|11|4|0|1|RB
0|102|70|9|2|0|0|RB
0|214|48|6|4|0|1|RB
0|91|30|4|2|0|1|RB
0|182|4|0|3|0|0|RB
0|51|24|3|1|0|1|RB
0|65|18|2|1|0|1|RB
0|122|68|8|3|0|0|RB
0|173|76|10|4|0|1|RB
0|191|25|3|3|0|0|RB
0|120|20|2|2|0|1|RB
0|184|74|9|4|0|0|RB
0|60|96|12|2|0|1|RB
0|182|39|5|3|0|0|RB
0|62|54|7|2|0|0|RB
0|116|6|1|2|0|1|RB
0|68|8|1|1|0|1|RB
0|93|89|11|3|0|0|RB
0|198|73|9|4|0|1|RB
0|119|100|12|3|0|1|RB
0|143|20|2|2|0|1|RB
0|122|29|4|2|0|1|RB
0|219|82|10|4|0|1|RB
0|88|65|8|2|0|1|RB
0|82|35|4|2|0|1|RB
0|92|63|8|2|0|1|RB
0|165|33|4|3|0|1|RB
0|56|41|5|1|0|1|RB
0|100|75|9|2|0|0|RB
0|67|12|2|1|0|1|RB
0|98|39|5|2|0|1|RB
0|152|63|8|3|0|0|RB
0|55|86|11|2|0|1|RB
0|141|88|11|3|0|0|RB
0|130|11|1|2|0|0|RB
0|188|69|9|4|0|0|RB
0|219|71|9|4|0|1|RB
0|203|29|4|3|0|0|RB
0|124|77|10|3|0|1|RB
0|134|36|4|2|0|1|RB
0|166|7|1|2|0|1|RB
0|212|39|5|4|0|1|RB
0|178|0|0|3|0|1|RB
0|180|32|4|3|0|1|RB
0|94|92|12|3|0|1|RB
0|152|22|3|2|0|0|RB
0|192|89|11|4|0|1|RB
0|155|24|3|3|0|0|RB
0|89|22|3|2|0|1|RB
0|77|46|6|2|0|1|RB
0|222|1|0|3|0|0|RB
0|141|91|11|3|0|1|RB
0|170|9|1|3|0|1|RB
0|204|57|7|4|0|0|RB
0|185|65|8|4|0|0|RB
0|99|73|9|2|0|1|RB
0|62|55|7|2|0|1|RB
0|220|68|8|4|0|1|RB
0|130|5|1|2|0|0|RB
0|131|98|12|3|0|0|RB
0|201|88|11|4|0|0|RB
0|118|68|8|3|0|1|RB
0|95|11|1|2|0|1|RB
0|112|87|11|3|0|0|RB
0|110|40|5|2|0|1|RB
0|225|83|10|4|0|1|RB
0|114|28|4|2|0|0|RB
0|199|2|0|3|0|1|RB
0|126|51|6|3|0|1|RB
0|78|82|10|2|0|1|RB
0|131|75|9|3|0|0|RB
0|52|71|9|2|0|1|RB
0|158|86|11|3|0|1|RB
0|50|68|8|2|0|1|RB
0|54|24|3|1|0|1|RB
0|103|80|10|3|0|0|RB
0|76|57|7|2|0|1|RB
0|53|18|2|1|0|0|RB
0|73|73|9|2|0|1|RB
0|96|40|5|2|0|0|RB
0|168|11|1|3|0|1|RB
0|86|37|5|2|0|0|RB
0|222|80|10|4|0|1|RB
0|154|23|3|3|0|1|RB
0|212|41|5|4|0|0|RB
0|214|55|7|4|0|1|RB
0|125|9|1|2|0|1|RB
0|100|73|9|2|0|0|RB
0|132|64|8|3|0|0|RB
0|146|90|11|3|0|1|RB
0|73|77|10|2|0|1|RB
0|65|99|12|2|0|1|RB
0|173|30|4|3|0|1|RB
0|62|9|1|1|0|0|RB
0|157|58|7|3|0|0|RB
0|62|70|9|2|0|0|RB
0|207|77|10|4|0|1|RB
0|145|93|12|3|0|0|RB
0|95|32|4|2|0|0|RB
0|172|81|10|4|0|1|RB
0|213|92|12|4|0|1|RB
0|166|71|9|3|0|1|RB
0|120|89|11|3|0|0|RB
0|198|63|8|4|0|0|RB
0|156|56|7|3|0|0|RB
0|88|22|3|2|0|1|RB
0|108|3|0|2|0|1|RB
0|197|23|3|3|0|1|RB
0|89|33|4|2|0|0|RB
0|153|46|6|3|0|0|RB
0|209|33|4|3|0|0|RB
0|70|82|10|2|0|0|RB
0|50|11|1|1|0|1|RB
0|105|23|3|2|0|0|RB
0|133|10|1|2|0|0|RB
0|111|43|5|2|0|0|RB
0|88|81|10|2|0|1|RB
0|52|41|5|1|0|1|RB
0|126|55|7|3|0|0|RB
0|133|1|0|2|0|1|RB
0|115|5|1|2|0|0|RB
0|187|29|4|3|0|0|RB
0|111|29|4|2|0|1|RB
0|213|100|12|4|0|0|RB
0|59|84|10|2|0|1|RB
0|152|95|12|4|0|1|RB
0|174|26|3|3|0|0|RB
0|111|82|10|3|0|0|RB
0|123|0|0|2|0|1|RB
0|190|5|1|3|0|1|RB
0|202|29|4|3|0|1|RB
0|150|22|3|2|0|1|RB
0|138|93|12|3|0|0|RB
0|66|50|6|2|0|1|RB
0|218|6|1|3|0|0|RB
0|188|60|8|4|0|0|RB
0|204|100|12|4|0|0|RB
0|219|53|7|4|0|1|RB
0|142|58|7|3|0|0|RB
0|204|71|9|4|0|1|RB
0|52|47|6|1|0|0|RB
0|161|42|5|3|0|1|RB
0|111|11|1|2|0|1|RB
0|159|17|2|3|0|1|RB
0|133|53|7|3|0|1|RB
0|104|47|6|2|0|1|RB
0|81|74|9|2|0|0|RB
0|210|23|3|3|0|0|RB
0|76|33|4|2|0|1|RB
0|174|47|6|3|0|0|RB
0|185|39|5|3|0|0|RB
0|211|91|11|4|0|0|RB
0|105|37|5|2|0|1|RB
0|54|20|2|1|0|0|RB
0|55|75|9|2|0|0|RB
0|117|9|1|2|0|1|RB
0|145|62|8|3|0|1|RB
0|122|28|4|2|0|0|RB
0|154|27|3|3|0|1|RB
0|185|38|5|3|0|0|RB
0|87|62|8|2|0|0|RB
0|174|96|12|4|0|0|RB
0|76|62|8|2|0|0|RB
0|202|2|0|3|0|1|RB
0|71|88|11|2|0|1|RB
0|127|56|7|3|0|1|RB
0|56|19|2|1|0|1|RB
0|104|93|12|3|0|1|RB
0|92|74|9|2|0|1|RB
0|54|26|3|1|0|1|RB
0|119|33|4|2|0|1|RB
0|77|13|2|1|0|1|RB
0|139|92|12|3|0|1|RB
0|193|86|11|4|0|0|RB
0|78|16|2|1|0|1|RB
0|188|63|8|4|0|0|RB
0|55|100|12|2|0|1|RB
0|163|47|6|3|0|1|RB
0|221|54|7|4|0|1|RB
0|129|98|12|3|0|1|RB
0|99|22|3|2|0|1|RB
0|180|23|3|3|0|0|RB
0|52|84|10|2|0|0|RB
0|200|86|11|4|0|1|RB
0|128|81|10|3|0|0|RB
0|106|1|0|2|0|0|RB
0|109|19|2|2|0|1|RB
0|210|77|10|4|0|0|RB
0|212|19|2|3|0|0|RB
0|213|52|6|4|0|1|RB
0|63|50|6|2|0|0|RB
0|218|49|6|4|0|0|RB
0|73|22|3|1|0|0|RB
0|60|72|9|2|0|0|RB
0|207|21|3|3|0|1|RB
0|137|85|11|3|0|1|RB
0|185|73|9|4|0|1|RB
0|219|30|4|4|0|1|RB
0|173|22|3|3|0|0|RB
0|97|75|9|2|0|0|RB
0|187|51|6|3|0|1|RB
0|199|51|6|4|0|1|RB
0|59|9|1|1|0|1|RB
0|186|3|0|3|0|0|RB
0|187|2|0|3|0|1|RB
0|96|6|1|1|0|1|RB
0|140|29|4|2|0|1|RB
0|112|81|10|3|0|1|RB
0|90|38|5|2|0|1|RB
0|56|40|5|1|0|0|RB
0|90|10|1|1|0|0|RB
0|85|39|5|2|0|1|RB
0|153|84|10|3|0|0|RB
0|167|61|8|3|0|1|RB
0|147|7|1|2|0|0|RB
0|101|58|7|2|0|0|RB
0|217|74|9|4|0|1|RB
0|166|44|6|3|0|1|RB
0|138|31|4|2|0|1|RB
0|146|4|0|2|0|1|RB
0|122|27|3|2|0|0|RB
0|193|8|1|3|0|0|RB
0|110|55|7|2|0|1|RB
0|127|87|11|3|0|0|RB
0|57|30|4|1|0|0|RB
0|111|60|8|2|0|1|RB
0|102|22|3|2|0|1|RB
0|71|8|1|1|0|1|RB
0|180|66|8|4|0|1|RB
0|97|42|5|2|0|1|RB
0|134|29|4|2|0|0|RB
0|222|55|7|4|0|0|RB
0|147|76|10|3|0|0|RB
0|162|33|4|3|0|0|RB
0|199|87|11|4|0|0|RB
0|194|39|5|3|0|1|RB
0|197|5|1|3|0|1|RB
0|76|97|12|2|0|1|RB
0|175|99|12|4|0|0|RB
0|191|48|6|3|0|0|RB
0|158|11|1|2|0|0|RB
0|97|45|6|2|0|0|RB
0|134|50|6|3|0|1|RB
0|98|68|8|2|0|0|RB
0|170|74|9|3|0|0|RB
0|122|77|10|3|0|1|RB
0|188|30|4|3|0|0|RB
0|102|100|12|3|0|0|RB
0|197|84|10|4|0|1|RB
0|205|57|7|4|0|1|RB
0|193|35|4|3|0|1|RB
0|131|73|9|3|0|0|RB
0|179|33|4|3|0|1|RB
0|205|35|4|3|0|0|RB
0|170|27|3|3|0|0|RB
0|159|7|1|2|0|1|RB
0|190|3|0|3|0|1|RB
0|197|54|7|4|0|1|RB
0|219|14|2|3|0|1|RB
0|103|7|1|2|0|1|RB
0|73|60|8|2|0|0|RB
0|196|79|10|4|0|1|RB
0|138|94|12|3|0|0|RB
0|210|27|3|3|0|0|RB
0|188|74|9|4|0|1|RB
0|224|8|1|3|0|0|RB
0|191|70|9|4|0|1|RB
0|104|83|10|3|0|0|RB
0|111|59|7|2|0|0|RB
0|133|43|5|3|0|1|RB
0|91|22|3|2|0|0|RB
0|139|19|2|2|0|0|RB
0|101|24|3|2|0|1|RB
0|192|31|4|3|0|0|RB
0|113|93|12|3|0|1|RB
0|101|100|12|3|0|1|RB
0|94|99|12|3|0|0|RB
0|56|1|0|1|0|0|RB
0|152|53|7|3|0|1|RB
0|177|39|5|3|0|0|RB
0|121|25|3|2|0|1|RB
0|128|97|12|3|0|0|RB
0|53|45|6|1|0|1|RB
0|159|91|11|4|0|1|RB
0|121|73|9|3|0|0|RB
0|202|77|10|4|0|0|RB
0|111|70|9|3|0|1|RB
0|157|53|7|3|0|1|RB
0|166|79|10|4|0|1|RB
0|73|9|1|1|0|0|RB
0|161|81|10|3|0|0|RB
0|190|32|4|3|0|1|RB
0|79|49|6|2|0|0|RB
0|89|2|0|1|0|1|RB
0|199|69|9|4|0|0|RB
0|77|29|4|2|0|1|RB
0|200|47|6|4|0|1|RB
0|191|75|9|4|0|1|RB
0|124|88|11|3|0|1|RB
0|161|100|12|4|0|0|RB
0|200|97|12|4|0|0|RB
0|71|41|5|2|0|1|RB
0|68|67|8|2|0|0|RB
0|174|6|1|3|0|0|RB
0|153|19|2|2|0|0|RB
0|113|18|2|2|0|1|RB
0|206|19|2|3|0|0|RB
0|132|94|12|3|0|0|RB
0|53|91|11|2|0|0|RB
0|110|15|2|2|0|1|RB
0|148|6|1|2|0|0|RB
0|128|59|7|3|0|0|RB
0|98|16|2|2|0|0|RB
0|126|41|5|2|0|0|RB
0|92|67|8|2|0|1|RB
0|194|35|4|3|0|0|RB
0|96|53|7|2|0|1|RB
0|181|46|6|3|0|1|RB
0|114|89|11|3|0|0|RB
0|147|4|0|2|0|0|RB
0|110|41|5|2|0|1|RB
0|59|100|12|2|0|1|RB
0|148|62|8|3|0|1|RB
0|134|8|1|2|0|0|RB
0|111|93|12|3|0|1|RB
0|144|100|12|3|0|1|RB
0|113|43|5|2|0|0|RB
0|108|5|1|2|0|0|RB
0|106|21|3|2|0|0|RB
0|129|47|6|3|0|1|RB
0|97|46|6|2|0|1|RB
0|116|83|10|3|0|0|RB
0|214|11|1|3|0|1|RB
0|111|78|10|3|0|0|RB
0|108|71|9|3|0|1|RB
0|122|77|10|3|0|1|RB
0|140|70|9|3|0|0|RB
0|121|25|3|2|0|1|RB
0|144|31|4|2|0|1|RB
0|111|65|8|3|0|0|RB
0|59|41|5|1|0|1|RB
0|135|23|3|2|0|1|RB
0|139|88|11|3|0|1|RB
0|59|16|2|1|0|0|RB
0|146|82|10|3|0|1|RB
0|162|52|6|3|0|1|RB
0|135|35|4|2|0|1|RB
0|76|49|6|2|0|0|RB
0|81|89|11|2|0|0|RB
0|175|68|8|3|0|1|RB
0|51|99|12|2|0|1|RB
0|76|76|10|2|0|0|RB
0|219|21|3|3|0|0|RB
0|202|30|4|3|0|1|RB
0|152|21|3|2|0|1|RB
0|156|48|6|3|0|0|RB
0|152|3|0|2|0|1|RB
0|204|55|7|4|0|0|RB
0|178|66|8|3|0|1|RB
0|135|69|9|3|0|1|RB
0|173|100|12|4|0|1|RB
0|210|55|7|4|0|1|RB
0|89|21|3|2|0|1|RB
0|183|49|6|3|0|0|RB
0|217|27|3|3|0|1|RB
0|63|85|11|2|0|1|RB
0|192|31|4|3|0|0|RB
0|55|87|11|2|0|0|RB
0|55|46|6|1|0|0|RB
0|176|28|4|3|0|0|RB
0|193|7|1|3|0|1|RB
0|113|16|2|2|0|1|RB
0|75|65|8|2|0|1|RB
0|72|16|2|1|0|1|RB
0|172|48|6|3|0|1|RB
0|180|58|7|3|0|0|RB
0|77|81|10|2|0|1|RB
0|50|49|6|1|0|1|RB
0|88|99|12|3|0|0|RB
0|60|0|0|1|0|0|RB
0|217|39|5|4|0|1|RB
0|169|79|10|4|0|0|RB
0|200|98|12|4|0|0|RB
0|209|80|10|4|0|0|RB
0|88|0|0|1|0|0|RB
0|101|47|6|2|0|0|RB
0|221|36|4|4|0|0|RB
0|179|37|5|3|0|0|RB
0|143|66|8|3|0|0|RB
0|164|32|4|3|0|1|RB
0|148|29|4|3|0|1|RB
0|170|77|10|4|0|1|RB
0|107|27|3|2|0|0|RB
0|101|44|6|2|0|1|RB
0|198|36|4|3|0|0|RB
0|131|79|10|3|0|0|RB
0|174|6|1|3|0|0|RB
0|179|7|1|3|0|1|RB
0|167|31|4|3|0|1|RB
0|190|70|9|4|0|0|RB
0|187|27|3|3|0|0|RB
0|68|68|8|2|0|1|RB
0|77|99|12|3|0|0|RB
0|141|69|9|3|0|0|RB
0|70|48|6|2|0|0|RB
0|123|95|12|3|0|0|RB
0|91|29|4|2|0|1|RB
0|168|67|8|3|0|0|RB
0|192|52|6|3|0|1|RB
0|143|72|9|3|0|1|RB
0|111|24|3|2|0|0|RB
0|121|7|1|2|0|1|RB
0|53|41|5|1|0|0|RB
0|185|70|9|4|0|1|RB
0|195|20|2|3|0|1|RB
0|196|22|3|3|0|1|RB
0|197|38|5|3|0|1|RB
0|137|56|7|3|0|0|RB
0|63|26|3|1|0|1|RB
0|170|0|0|2|0|1|RB
0|82|73|9|2|0|0|RB
0|55|60|8|2|0|0|RB
0|121|50|6|2|0|1|RB
0|193|49|6|3|0|1|RB
0|195|83|10|4|0|1|RB
0|82|80|10|2|0|1|RB
0|225|60|8|4|0|1|RB
0|207|37|5|3|0|0|RB
0|225|100|12|5|0|1|RB
0|179|18|2|3|0|0|RB
0|60|38|5|1|0|0|RB
0|130|79|10|3|0|1|RB
0|186|74|9|4|0|1|RB
0|195|88|11|4|0|0|RB
0|132|15|2|2|0|1|RB
0|209|68|8|4|0|0|RB
0|140|54|7|3|0|1|RB
0|76|78|10|2|0|0|RB
0|161|61|8|3|0|0|RB
0|211|32|4|3|0|1|RB
0|128|10|1|2|0|0|RB
0|85|1|0|1|0|0|RB
0|114|32|4|2|0|1|RB
0|151|90|11|3|0|0|RB
0|153|79|10|3|0|1|RB
0|224|34|4|4|0|0|RB
0|92|23|3|2|0|0|RB
0|102|63|8|2|0|0|RB
0|87|13|2|1|0|1|RB
0|164|79|10|3|0|1|RB
0|151|87|11|3|0|0|RB
0|219|89|11|4|0|1|RB
0|162|88|11|4|0|1|RB
0|125|44|6|2|0|0|RB
0|91|4|0|1|0|0|RB
0|165|54|7|3|0|0|RB
0|197|46|6|3|0|1|RB
0|84|98|12|3|0|1|RB
0|169|18|2|3|0|1|RB
0|87|25|3|2|0|1|RB
0|131|53|7|3|0|1|RB
0|113|72|9|3|0|0|RB
0|158|40|5|3|0|1|RB
0|70|69|9|2|0|1|RB
0|107|25|3|2|0|0|RB
0|157|9|1|2|0|1|RB
0|138|28|4|2|0|1|RB
0|54|67|8|2|0|1|RB
0|187|93|12|4|0|1|RB
0|99|30|4|2|0|0|RB
0|190|3|0|3|0|1|RB
0|202|20|2|3|0|0|RB
0|161|23|3|3|0|1|RB
0|61|94|12|2|0|1|RB
0|205|41|5|4|0|1|RB
0|178|86|11|4|0|0|RB
0|77|15|2|1|0|1|RB
0|83|77|10|2|0|0|RB
0|203|81|10|4|0|1|RB
0|81|94|12|2|0|1|RB
0|197|27|3|3|0|0|RB
0|67|98|12|2|0|1|RB
0|219|52|6|4|0|0|RB
0|92|59|7|2|0|0|RB
0|174|75|9|4|0|0|RB
0|56|5|1|1|0|0|RB
0|79|99|12|3|0|1|RB
0|130|67|8|3|0|0|RB
0|63|15|2|1|0|0|RB
0|107|13|2|2|0|1|RB
0|223|49|6|4|0|0|RB
0|135|63|8|3|0|0|RB
0|82|17|2|1|0|1|RB
0|158|72|9|3|0|1|RB
0|62|45|6|2|0|0|RB
0|82|68|8|2|0|0|RB
0|160|47|6|3|0|1|RB
0|89|0|0|1|0|1|RB
0|77|95|12|2|0|1|RB
0|104|56|7|2|0|1|RB
0|57|74|9|2|0|0|RB
0|119|65|8|3|0|1|RB
0|216|71|9|4|0|0|RB
0|141|50|6|3|0|1|RB
0|201|97|12|4|0|1|RB
0|70|33|4|1|0|0|RB
0|95|57|7|2|0|1|RB
0|62|77|10|2|0|0|RB
0|224|58|7|4|0|0|RB
0|59|78|10|2|0|0|RB
0|148|43|5|3|0|1|RB
0|100|98|12|3|0|0|RB
0|124|50|6|2|0|1|RB
0|177|50|6|3|0|0|RB
0|220|75|9|4|0|0|RB
0|163|16|2|3|0|0|RB
0|164|3|0|2|0|1|RB
0|121|24|3|2|0|0|RB
0|80|27|3|2|0|0|RB
0|188|88|11|4|0|0|RB
0|175|63|8|3|0|1|RB
0|164|97|12|4|0|0|RB
0|175|34|4|3|0|0|RB
0|176|36|4|3|0|1|RB
0|220|14|2|3|0|0|RB
0|197|1|0|3|0|0|RB
0|54|85|11|2|0|0|RB
0|178|10|1|3|0|1|RB
0|98|74|9|2|0|0|RB
0|171|27|3|3|0|0|RB
0|115|11|1|2|0|1|RB
0|124|1|0|2|0|0|RB
0|124|74|9|3|0|1|RB
0|198|74|9|4|0|0|RB
0|155|14|2|2|0|1|RB
0|85|57|7|2|0|1|RB
0|123|95|12|3|0|1|RB
0|99|9|1|2|0|0|RB
0|199|31|4|3|0|1|RB
0|87|53|7|2|0|1|RB
0|133|52|6|3|0|0|RB
0|155|70|9|3|0|0|RB
0|171|77|10|4|0|0|RB
0|200|24|3|3|0|0|RB
0|114|52|6|2|0|1|RB
0|96|63|8|2|0|1|RB
0|138|3|0|2|0|0|RB
0|153|30|4|3|0|0|RB
0|176|49|6|3|0|1|RB
0|156|31|4|3|0|1|RB
0|87|17|2|1|0|1|RB
0|183|21|3|3|0|1|RB
0|77|5|1|1|0|0|RB
0|220|34|4|4|0|0|RB
0|56|2|0|1|0|0|RB
0|182|80|10|4|0|0|RB
0|204|24|3|3|0|1|RB
0|103|54|7|2|0|0|RB
0|62|32|4|1|0|0|RB
0|184|23|3|3|0|0|RB
0|107|52|6|2|0|1|RB
0|210|2|0|3|0|0|RB
0|70|12|2|1|0|1|RB
0|56|10|1|1|0|1|RB
0|116|73|9|3|0|0|RB
0|224|14|2|3|0|1|RB
0|191|11|1|3|0|0|RB
0|88|79|10|2|0|1|RB
0|174|76|10|4|0|1|RB
0|100|93|12|3|0|0|RB
0|177|81|10|4|0|0|RB
0|131|88|11|3|0|0|RB
0|134|15|2|2|0|1|RB
0|172|45|6|3|0|0|RB
0|129|66|8|3|0|0|RB
0|60|11|1|1|0|0|RB
0|216|29|4|4|0|1|RB
0|153|34|4|3|0|1|RB
0|103|52|6|2|0|0|RB
0|222|0|0|3|0|1|RB
0|124|99|12|3|0|1|RB
0|185|74|9|4|0|1|RB
0|189|92|12|4|0|0|RB
0|201|100|12|4|0|0|RB
0|164|35|4|3|0|1|RB
0|80|96|12|3|0|0|RB
0|131|23|3|2|0|0|RB
0|122|39|5|2|0|0|RB
0|76|77|10|2|0|1|RB
0|139|58|7|3|0|1|RB
0|150|2|0|2|0|1|RB
0|198|55|7|4|0|0|RB
0|211|60|8|4|0|0|RB
0|113|99|12|3|0|0|RB
0|104|60|8|2|0|1|RB
0|178|70|9|4|0|0|RB
0|74|60|8|2|0|0|RB
0|52|62|8|2|0|0|RB
0|153|54|7|3|0|1|RB
0|123|7|1|2|0|0|RB
0|111|46|6|2|0|1|RB
0|103|72|9|2|0|1|RB
0|223|32|4|4|0|1|RB
0|53|8|1|1|0|1|RB
0|144|63|8|3|0|1|RB
0|115|0|0|2|0|1|RB
0|216|72|9|4|0|1|RB
0|121|7|1|2|0|1|RB
0|114|56|7|2|0|0|RB
0|63|0|0|1|0|0|RB
0|85|91|11|3|0|0|RB
0|183|4|0|3|0|0|RB
0|165|17|2|3|0|1|RB
0|62|68|8|2|0|1|RB
0|133|71|9|3|0|0|RB
0|219|26|3|4|0|0|RB
0|142|78|10|3|0|1|RB
0|201|28|4|3|0|0|RB
0|142|84|10|3|0|0|RB
0|89|13|2|1|0|1|RB
0|189|54|7|3|0|0|RB
0|206|40|5|4|0|1|RB
0|174|88|11|4|0|0|RB
0|113|77|10|3|0|1|RB
0|169|15|2|3|0|0|RB
0|57|86|11|2|0|1|RB
0|129|30|4|2|0|1|RB
0|51|77|10|2|0|1|RB
0|134|51|6|3|0|1|RB
0|193|22|3|3|0|1|RB
0|186|36|4|3|0|1|RB
0|99|63|8|2|0|1|RB
0|205|37|5|3|0|0|RB
0|58|12|2|1|0|1|RB
0|136|97|12|3|0|1|RB
0|147|90|11|3|0|1|RB
0|190|29|4|3|0|0|RB
0|216|16|2|3|0|1|RB
0|61|27|3|1|0|0|RB
0|194|37|5|3|0|0|RB
0|218|48|6|4|0|1|RB
0|138|42|5|3|0|1|RB
0|185|42|5|3|0|0|RB
0|214|14|2|3|0|1|RB
0|133|8|1|2|0|1|RB
0|72|80|10|2|0|0|RB
0|113|30|4|2|0|1|RB
0|145|100|12|4|0|1|RB
0|224|35|4|4|0|1|RB
0|205|91|11|4|0|0|RB
0|184|74|9|4|0|0|RB
0|53|89|11|2|0|1|RB
0|157|82|10|3|0|1|RB
0|165|33|4|3|0|1|RB
0|56|5|1|1|0|1|RB
0|179|55|7|3|0|1|RB
0|133|98|12|3|0|0|RB
0|90|85|11|2|0|1|RB
0|115|93|12|3|0|0|RB
0|117|48|6|2|0|1|RB
0|61|12|2|1|0|0|RB
0|106|44|6|2|0|0|RB
0|97|24|3|2|0|1|RB
0|108|3|0|1|0|1|RB
0|80|20|2|1|0|0|RB
0|54|32|4|1|0|0|RB
0|60|43|5|1|0|1|RB
0|65|14|2|1|0|0|RB
0|111|42|5|2|0|0|RB
0|109|32|4|2|0|0|RB
0|66|9|1|1|0|0|RB
0|115|40|5|2|0|1|RB
0|114|15|2|2|0|0|RB
0|80|32|4|1|0|0|RB
0|113|10|1|2|0|0|RB
0|66|1|0|1|0|1|RB
0|112|5|1|1|0|0|RB
0|69|57|7|2|0|1|RB
0|51|25|3|1|0|1|RB
0|50|45|6|1|0|0|RB
0|111|44|6|2|0|1|RB
0|51|0|0|1|0|1|RB
0|110|55|7|2|0|0|RB
0|101|28|4|2|0|1|RB
0|96|18|2|1|0|0|RB
0|98|13|2|1|0|0|RB
0|90|10|1|1|0|1|RB
0|90|7|1|1|0|0|RB
0|66|15|2|1|0|1|RB
0|87|59|7|2|0|0|RB
0|57|49|6|1|0|1|RB
0|95|60|8|2|0|0|RB
0|56|29|4|1|0|0|RB
0|74|8|1|1|0|0|RB
0|55|36|4|1|0|1|RB
0|101|51|6|2|0|1|RB
0|75|3|0|1|0|0|RB
0|84|18|2|1|0|0|RB
0|66|13|2|1|0|1|RB
0|108|10|1|1|0|0|RB
0|67|0|0|1|0|0|RB
0|89|53|7|2|0|0|RB
0|105|33|4|2|0|0|RB
0|93|12|2|1|0|1|RB
0|83|19|2|1|0|1|RB
0|92|20|2|1|0|0|RB
0|97|31|4|2|0|1|RB
0|87|13|2|1|0|0|RB
0|87|2|0|1|0|1|RB
0|110|26|3|2|0|1|RB
0|59|30|4|1|0|1|RB
0|66|49|6|1|0|0|RB
0|94|14|2|1|0|1|RB
0|66|59|7|2|0|1|RB
0|111|15|2|2|0|1|RB
0|92|8|1|1|0|1|RB
0|93|22|3|1|0|0|RB
0|119|3|0|2|0|0|RB
0|77|36|4|1|0|1|RB
0|117|4|0|2|0|1|RB
0|69|2|0|1|0|0|RB
0|75|14|2|1|0|1|RB
0|83|3|0|1|0|1|RB
0|119|13|2|2|0|1|RB
0|54|15|2|1|0|0|RB
0|75|32|4|1|0|1|RB
0|103|59|7|2|0|1|RB
0|95|19|2|1|0|0|RB
0|103|30|4|2|0|0|RB
0|114|35|4|2|0|0|RB
0|101|10|1|1|0|0|RB
0|114|35|4|2|0|0|RB
0|105|39|5|2|0|0|RB
0|98|13|2|1|0|0|RB
0|116|38|5|2|0|1|RB
0|69|45|6|1|0|1|RB
0|73|1|0|1|0|0|RB
0|90|52|6|2|0|0|RB
0|97|40|5|2|0|1|RB
0|82|26|3|1|0|1|RB
0|95|58|7|2|0|1|RB
0|102|15|2|1|0|0|RB
0|108|21|3|2|0|1|RB
0|52|24|3|1|0|1|RB
0|103|35|4|2|0|0|RB
0|98|15|2|1|0|1|RB
0|109|60|8|2|0|1|RB
0|87|9|1|1|0|1|RB
0|52|44|6|1|0|0|RB
0|92|5|1|1|0|1|RB
0|54|3|0|1|0|0|RB
0|119|50|6|2|0|1|RB
0|72|50|6|2|0|1|RB
0|99|38|5|2|0|0|RB
0|103|54|7|2|0|1|RB
0|83|33|4|1|0|0|RB
0|105|40|5|2|0|1|RB
0|87|52|6|2|0|1|RB
0|98|46|6|2|0|0|RB
0|50|32|4|1|0|1|RB
0|77|40|5|1|0|1|RB
0|81|21|3|1|0|0|RB
0|86|13|2|1|0|0|RB
0|89|5|1|1|0|1|RB
0|72|45|6|1|0|1|RB
0|117|32|4|2|0|1|RB
0|76|1|0|1|0|1|RB
0|111|47|6|2|0|1|RB
0|93|26|3|1|0|1|RB
0|64|39|5|1|0|1|RB
0|91|33|4|2|0|0|RB
0|58|31|4|1|0|1|RB
0|84|24|3|1|0|0|RB
0|97|54|7|2|0|1|RB
0|75|41|5|1|0|0|RB
0|78|32|4|1|0|0|RB
0|76|15|2|1|0|0|RB
0|79|10|1|1|0|1|RB
0|98|47|6|2|0|1|RB
0|66|58|7|2|0|0|RB
0|63|39|5|1|0|1|RB
0|95|53|7|2|0|1|RB
0|83|6|1|1|0|1|RB
0|79|41|5|2|0|1|RB
0|104|25|3|2|0|0|RB
0|95|0|0|1|0|1|RB
0|116|14|2|2|0|1|RB
0|63|18|2|1|0|0|RB
0|91|21|3|1|0|1|RB
0|105|42|5|2|0|0|RB
0|53|21|3|1|0|0|RB
0|96|7|1|1|0|1|RB
0|92|6|1|1|0|0|RB
0|93|53|7|2|0|1|RB
0|70|23|3|1|0|0|RB
0|64|34|4|1|0|0|RB
0|92|21|3|1|0|1|RB
0|94|53|7|2|0|1|RB
0|53|35|4|1|0|1|RB
0|98|24|3|2|0|1|RB
0|108|48|6|2|0|0|RB
0|85|4|0|1|0|0|RB
0|65|29|4|1|0|1|RB
0|99|45|6|2|0|1|RB
0|84|57|7|2|0|1|RB
0|79|50|6|2|0|0|RB
0|106|39|5|2|0|0|RB
0|109|53|7|2|0|1|RB
0|89|53|7|2|0|1|RB
0|58|60|8|1|0|1|RB
0|71|5|1|1|0|0|RB
0|67|18|2|1|0|0|RB
0|106|42|5|2|0|0|RB
0|55|51|6|1|0|1|RB
0|69|10|1|1|0|1|RB
0|74|55|7|2|0|1|RB
0|95|42|5|2|0|0|RB
0|91|45|6|2|0|1|RB
0|52|38|5|1|0|0|RB
0|82|47|6|2|0|1|RB
0|84|56|7|2|0|0|RB
0|56|17|2|1|0|1|RB
0|120|10|1|2|0|1|RB
0|109|41|5|2|0|0|RB
0|61|45|6|1|0|0|RB
0|65|5|1|1|0|1|RB
0|94|20|2|1|0|1|RB
0|105|46|6|2|0|1|RB
0|120|17|2|2|0|1|RB
0|112|45|6|2|0|1|RB
0|51|59|7|1|0|1|RB
0|120|58|7|2|0|0|RB
0|60|48|6|1|0|0|RB
0|67|7|1|1|0|1|RB
0|78|13|2|1|0|1|RB
0|108|17|2|2|0|0|RB
0|73|22|3|1|0|1|RB
0|61|32|4|1|0|0|RB
0|62|22|3|1|0|1|RB
0|94|9|1|1|0|1|RB
0|89|8|1|1|0|1|RB
0|77|24|3|1|0|1|RB
0|63|40|5|1|0|0|RB
0|77|29|4|1|0|0|RB
0|66|46|6|1|0|1|RB
0|113|40|5|2|0|1|RB
0|104|41|5|2|0|1|RB
0|81|54|7|2|0|1|RB
0|118|18|2|2|0|1|RB
0|50|12|2|1|0|1|RB
0|57|27|3|1|0|1|RB
0|101|11|1|1|0|0|RB
0|90|15|2|1|0|0|RB
0|95|30|4|2|0|1|RB
0|70|48|6|1|0|1|RB
0|116|55|7|2|0|0|RB
0|63|39|5|1|0|1|RB
0|68|36|4|1|0|1|RB
0|107|23|3|2|0|1|RB
0|108|12|2|2|0|1|RB
0|77|54|7|2|0|1|RB
0|78|6|1|1|0|1|RB
0|56|37|5|1|0|1|RB
0|60|28|4|1|0|1|RB
0|91|32|4|2|0|0|RB
0|83|44|6|2|0|0|RB
0|113|45|6|2|0|1|RB
0|78|42|5|2|0|1|RB
0|50|2|0|1|0|0|RB
0|112|13|2|2|0|0|RB
0|60|60|8|2|0|1|RB
0|113|49|6|2|0|1|RB
0|71|47|6|1|0|1|RB
0|63|57|7|2|0|1|RB
0|111|42|5|2|0|1|RB
0|55|38|5|1|0|1|RB
0|56|5|1|1|0|1|RB
0|70|39|5|1|0|0|RB
0|60|5|1|1|0|1|RB
0|72|30|4|1|0|0|RB
0|61|50|6|1|0|1|RB
0|95|0|0|1|0|1|RB
0|69|23|3|1|0|0|RB
0|116|40|5|2|0|1|RB
0|63|44|6|1|0|1|RB
0|80|50|6|2|0|0|RB
0|65|50|6|1|0|1|RB
0|86|34|4|2|0|0|RB
0|84|58|7|2|0|1|RB
0|61|16|2|1|0|1|RB
0|106|16|2|2|0|0|RB
0|65|2|0|1|0|1|RB
0|112|29|4|2|0|1|RB
0|81|39|5|2|0|1|RB
0|116|18|2|2|0|1|RB
0|101|0|0|1|0|1|RB
0|58|23|3|1|0|0|RB
0|59|25|3|1|0|1|RB
0|119|3|0|2|0|0|RB
0|77|32|4|1|0|1|RB
0|112|3|0|1|0|1|RB
0|70|16|2|1|0|1|RB
0|85|43|5|2|0|1|RB
0|117|13|2|2|0|1|RB
0|80|50|6|2|0|1|RB
0|62|54|7|1|0|1|RB
0|58|13|2|1|0|0|RB
0|78|27|3|1|0|0|RB
0|78|26|3|1|0|0|RB
0|76|59|7|2|0|0|RB
0|93|52|6|2|0|0|RB
0|74|20|2|1|0|1|RB
0|117|11|1|2|0|1|RB
0|90|33|4|2|0|0|RB
0|111|1|0|1|0|0|RB
0|55|52|6|1|0|1|RB
0|84|19|2|1|0|0|RB
0|66|7|1|1|0|0|RB
0|93|16|2|1|0|0|RB
0|66|44|6|1|0|1|RB
0|51|29|4|1|0|0|RB
0|76|9|1|1|0|0|RB
0|71|44|6|1|0|0|RB
0|74|43|5|1|0|1|RB
0|56|44|6|1|0|0|RB
0|92|26|3|1|0|1|RB
0|116|18|2|2|0|0|RB
0|120|40|5|2|0|1|RB
0|62|32|4|1|0|0|RB
0|61|10|1|1|0|1|RB
0|87|28|4|1|0|1|RB
0|92|37|5|2|0|0|RB
0|76|29|4|1|0|1|RB
0|60|24|3|1|0|0|RB
0|65|36|4|1|0|0|RB
0|52|39|5|1|0|1|RB
0|75|28|4|1|0|1|RB
0|85|22|3|1|0|1|RB
0|57|35|4|1|0|1|RB
0|116|57|7|2|0|0|RB
0|119|50|6|2|0|1|RB
0|103|23|3|2|0|1|RB
0|99|15|2|1|0|1|RB
0|82|13|2|1|0|0|RB
0|108|21|3|2|0|0|RB
0|55|0|0|1|0|1|RB
0|58|56|7|1|0|1|RB
0|82|24|3|1|0|1|RB
0|103|19|2|2|0|1|RB
0|85|19|2|1|0|0|RB
0|62|36|4|1|0|0|RB
0|84|1|0|1|0|0|RB
0|111|19|2|2|0|1|RB
0|95|28|4|2|0|0|RB
0|50|58|7|1|0|0|RB
0|56|34|4|1|0|0|RB
0|107|19|2|2|0|1|RB
0|69|37|5|1|0|0|RB
0|105|42|5|2|0|0|RB
0|90|0|0|1|0|1|RB
0|77|53|7|2|0|1|RB
0|73|4|0|1|0|1|RB
0|70|6|1|1|0|0|RB
0|58|16|2|1|0|0|RB
0|106|19|2|2|0|1|RB
0|113|41|5|2|0|1|RB
0|89|18|2|1|0|0|RB
0|72|60|8|2|0|1|RB
0|61|6|1|1|0|1|RB
0|96|9|1|1|0|0|RB
0|63|59|7|2|0|1|RB
0|72|12|2|1|0|1|RB
0|73|13|2|1|0|1|RB
0|103|29|4|2|0|1|RB
0|95|12|2|1|0|1|RB
0|76|58|7|2|0|0|RB
0|74|21|3|1|0|1|RB
0|105|59|7|2|0|1|RB
0|50|10|1|1|0|1|RB
0|80|27|3|1|0|0|RB
0|104|47|6|2|0|0|RB
0|102|6|1|1|0|0|RB
0|114|47|6|2|0|1|RB
0|89|59|7|2|0|0|RB
0|53|4|0|1|0|1|RB
0|101|37|5|2|0|0|RB
0|95|13|2|1|0|0|RB
0|108|49|6|2|0|1|RB
0|112|27|3|2|0|0|RB
0|94|40|5|2|0|0|RB
0|82|10|1|1|0|1|RB
0|118|29|4|2|0|1|RB
0|55|26|3|1|0|0|RB
0|66|50|6|1|0|1|RB
0|87|39|5|2|0|0|RB
0|110|31|4|2|0|1|RB
0|98|51|6|2|0|0|RB
0|118|25|3|2|0|1|RB
0|56|14|2|1|0|1|RB
0|73|14|2|1|0|1|RB
0|120|31|4|2|0|1|RB
0|78|54|7|2|0|1|RB
0|114|39|5|2|0|0|RB
0|67|22|3|1|0|0|RB
0|79|25|3|1|0|0|RB
0|114|11|1|2|0|1|RB
0|83|8|1|1|0|0|RB
0|91|1|0|1|0|1|RB
0|94|32|4|2|0|0|RB
0|78|30|4|1|0|1|RB
0|108|42|5|2|0|0|RB
0|59|33|4|1|0|1|RB
0|65|40|5|1|0|1|RB
0|80|47|6|2|0|1|RB
0|78|45|6|2|0|1|RB
0|86|13|2|1|0|1|RB
0|85|28|4|1|0|1|RB
0|114|18|2|2|0|0|RB
0|80|41|5|2|0|0|RB
0|50|26|3|1|0|0|RB
0|66|25|3|1|0|1|RB
0|98|27|3|2|0|0|RB
0|104|40|5|2|0|0|RB
0|69|37|5|1|0|0|RB
0|119|43|5|2|0|0|RB
0|109|31|4|2|0|0|RB
0|56|10|1|1|0|0|RB
0|118|48|6|2|0|1|RB
0|77|13|2|1|0|0|RB
0|60|22|3|1|0|1|RB
0|67|51|6|1|0|0|RB
0|107|45|6|2|0|0|RB
0|79|11|1|1|0|1|RB
0|99|59|7|2|0|0|RB
0|87|4|0|1|0|1|RB
0|116|35|4|2|0|1|RB
0|111|19|2|2|0|0|RB
0|112|43|5|2|0|0|RB
0|73|36|4|1|0|1|RB
0|81|27|3|1|0|1|RB
0|106|29|4|2|0|1|RB
0|111|33|4|2|0|0|RB
0|117|27|3|2|0|0|RB
0|50|50|6|1|0|0|RB
0|56|36|4|1|0|1|RB
0|84|2|0|1|0|0|RB
0|116|41|5|2|0|0|RB
0|94|45|6|2|0|1|RB
0|61|53|7|1|0|0|RB
0|51|39|5|1|0|1|RB
0|60|22|3|1|0|0|RB
0|82|59|7|2|0|1|RB
0|112|12|2|2|0|1|RB
0|108|35|4|2|0|1|RB
0|72|60|8|2|0|0|RB
0|77|56|7|2|0|0|RB
0|84|37|5|2|0|1|RB
0|113|33|4|2|0|1|RB
0|86|45|6|2|0|1|RB
0|112|17|2|2|0|0|RB
0|93|50|6|2|0|1|RB
0|50|50|6|1|0|1|RB
0|89|26|3|1|0|0|RB
0|106|20|2|2|0|0|RB
0|96|58|7|2|0|0|RB
0|65|23|3|1|0|1|RB
0|58|52|6|1|0|0|RB
0|60|0|0|1|0|1|RB
0|66|5|1|1|0|1|RB
0|115|33|4|2|0|1|RB
0|100|30|4|2|0|0|RB
0|117|33|4|2|0|1|RB
0|62|0|0|1|0|1|RB
0|83|2|0|1|0|0|RB
0|77|53|7|2|0|1|RB
0|65|0|0|1|0|0|RB
0|109|42|5|2|0|1|RB
0|107|52|6|2|0|0|RB
0|102|49|6|2|0|1|RB
0|94|59|7|2|0|1|RB
0|105|33|4|2|0|0|RB
0|78|59|7|2|0|1|RB
0|70|51|6|2|0|1|RB
0|62|12|2|1|0|0|RB
0|78|12|2|1|0|0|RB
0|60|50|6|1|0|1|RB
0|96|3|0|1|0|1|RB
0|107|51|6|2|0|0|RB
0|117|26|3|2|0|0|RB
0|105|16|2|2|0|1|RB
0|86|24|3|1|0|0|RB
0|68|7|1|1|0|1|RB
0|110|25|3|2|0|0|RB
0|55|59|7|1|0|1|RB
0|115|17|2|2|0|1|RB
0|115|9|1|2|0|0|RB
0|115|2|0|1|0|1|RB
0|66|24|3|1|0|1|RB
0|64|46|6|1|0|1|RB
0|107|13|2|2|0|1|RB
0|66|24|3|1|0|0|RB
0|66|43|5|1|0|1|RB
0|62|23|3|1|0|0|RB
0|114|39|5|2|0|1|RB
0|85|56|7|2|0|0|RB
0|116|44|6|2|0|1|RB
0|83|54|7|2|0|1|RB
0|83|32|4|1|0|0|RB
0|57|30|4|1|0|1|RB
0|55|60|8|1|0|1|RB
0|82|51|6|2|0|1|RB
0|109|24|3|2|0|0|RB
0|66|8|1|1|0|0|RB
0|59|38|5|1|0|1|RB
0|63|23|3|1|0|1|RB
0|99|41|5|2|0|1|RB
0|92|60|8|2|0|0|RB
0|74|57|7|2|0|0|RB
0|83|6|1|1|0|1|RB
0|115|58|7|2|0|0|RB
0|81|32|4|1|0|1|RB
0|95|4|0|1|0|0|RB
0|88|33|4|2|0|1|RB
0|57|0|0|1|0|0|RB
0|94|3|0|1|0|0|RB
0|69|45|6|1|0|0|RB
0|69|5|1|1|0|1|RB
0|86|40|5|2|0|0|RB
0|110|0|0|1|0|0|RB
0|61|34|4|1|0|1|RB
0|99|54|7|2|0|1|RB
0|85|2|0|1|0|0|RB
0|105|5|1|1|0|0|RB
0|60|6|1|1|0|0|RB
0|63|17|2|1|0|0|RB
0|50|43|5|1|0|0|RB
0|63|19|2|1|0|1|RB
0|59|12|2|1|0|1|RB
0|99|20|2|1|0|0|RB
0|51|52|6|1|0|0|RB
0|91|28|4|1|0|1|RB
0|69|55|7|2|0|1|RB
0|115|4|0|1|0|1|RB
0|101|0|0|1|0|0|RB
0|66|57|7|2|0|0|RB
0|75|9|1|1|0|0|RB
0|67|57|7|2|0|1|RB
0|73|9|1|1|0|0|RB
0|110|3|0|1|0|1|RB
0|100|60|8|2|0|1|RB
0|73|2|0|1|0|0|RB
0|75|54|7|2|0|0|RB
0|100|56|7|2|0|0|RB
0|51|36|4|1|0|0|RB
0|69|1|0|1|0|0|RB
0|74|7|1|1|0|0|RB
0|104|40|5|2|0|0|RB
0|81|46|6|2|0|0|RB
0|107|32|4|2|0|1|RB
0|52|54|7|1|0|0|RB
0|246|62|8|3|0|1|RB
0|133|73|9|2|0|1|RB
0|185|79|10|3|0|1|RB
0|228|61|8|3|0|1|RB
0|197|53|7|2|0|1|RB
0|116|77|10|2|0|1|RB
0|183|90|11|3|0|1|RB
0|144|51|6|2|0|0|RB
0|208|75|9|3|0|0|RB
0|149|66|8|2|0|0|RB
0|115|86|11|2|0|0|RB
0|176|91|11|3|0|0|RB
0|236|69|9|3|0|0|RB
0|119|58|7|2|0|1|RB
0|237|73|9|3|0|1|RB
0|202|75|9|3|0|1|RB
0|103|90|11|2|0|0|RB
0|210|89|11|3|0|1|RB
0|182|90|11|3|0|1|RB
0|206|82|10|3|0|0|RB
0|226|92|12|3|0|1|RB
0|151|100|12|3|0|1|RB
0|188|92|12|3|0|0|RB
0|174|68|8|2|0|1|RB
0|158|53|7|2|0|0|RB
0|236|93|12|3|0|1|RB
0|129|78|10|2|0|0|RB
0|169|68|8|2|0|0|RB
0|174|54|7|2|0|0|RB
0|225|87|11|3|0|1|RB
0|129|98|12|2|0|0|RB
0|134|62|8|2|0|0|RB
0|129|82|10|2|0|1|RB
0|139|78|10|2|0|0|RB
0|236|72|9|3|0|0|RB
0|135|69|9|2|0|0|RB
0|138|64|8|2|0|0|RB
0|103|86|11|2|0|0|RB
0|238|96|12|3|0|1|RB
0|208|79|10|3|0|1|RB
0|100|83|10|2|0|1|RB
0|158|69|9|2|0|1|RB
0|242|86|11|3|0|1|RB
0|232|70|9|3|0|1|RB
0|183|53|7|2|0|1|RB
0|228|92|12|3|0|0|RB
0|120|52|6|2|0|0|RB
0|204|84|10|3|0|0|RB
0|156|80|10|2|0|0|RB
0|145|63|8|2|0|0|RB
0|182|58|7|2|0|0|RB
0|141|65|8|2|0|0|RB
0|155|56|7|2|0|0|RB
0|112|75|9|2|0|1|RB
0|197|58|7|3|0|0|RB
0|179|71|9|2|0|1|RB
0|121|90|11|2|0|1|RB
0|127|96|12|2|0|1|RB
0|196|78|10|3|0|0|RB
0|134|96|12|2|0|0|RB
0|154|88|11|2|0|0|RB
0|203|52|6|3|0|0|RB
0|174|60|8|2|0|1|RB
0|200|68|8|3|0|1|RB
0|246|82|10|3|0|1|RB
0|164|83|10|2|0|0|RB
0|132|72|9|2|0|0|RB
0|248|79|10|3|0|0|RB
0|181|79|10|3|0|0|RB
0|189|58|7|2|0|1|RB
0|154|58|7|2|0|0|RB
0|119|81|10|2|0|1|RB
0|223|96|12|3|0|1|RB
0|149|66|8|2|0|1|RB
0|250|92|12|3|0|0|RB
0|165|60|8|2|0|1|RB
0|205|68|8|3|0|0|RB
0|105|70|9|2|0|0|RB
0|169|64|8|2|0|1|RB
0|250|80|10|3|0|1|RB
0|157|98|12|3|0|0|RB
0|192|100|12|3|0|0|RB
0|109|67|8|2|0|0|RB
0|239|99|12|3|0|0|RB
0|244|78|10|3|0|0|RB
0|156|55|7|2|0|0|RB
0|177|99|12|3|0|0|RB
0|177|85|11|3|0|1|RB
0|138|69|9|2|0|1|RB
0|167|57|7|2|0|1|RB
0|120|78|10|2|0|1|RB
0|191|69|9|3|0|0|RB
0|199|99|12|3|0|1|RB
0|227|81|10|3|0|0|RB
0|141|100|12|2|0|1|RB
0|207|65|8|3|0|1|RB
0|238|57|7|3|0|0|RB
0|162|87|11|2|0|1|RB
0|102|72|9|2|0|0|RB
0|189|83|10|3|0|1|RB
0|134|54|7|2|0|1|RB
0|174|65|8|2|0|0|RB
0|176|98|12|3|0|1|RB
0|180|78|10|3|0|1|RB
0|249|91|11|3|0|1|RB
0|169|80|10|2|0|1|RB
0|214|53|7|3|0|0|RB
0|186|86|11|3|0|0|RB
0|175|66|8|2|0|1|RB
0|227|94|12|3|0|0|RB
0|209|72|9|3|0|1|RB
0|201|60|8|3|0|1|RB
0|105|69|9|2|0|0|RB
0|193|58|7|3|0|1|RB
0|196|91|11|3|0|1|RB
0|250|52|6|3|0|1|RB
0|235|76|10|3|0|0|RB
0|109|67|8|2|0|0|RB
0|217|76|10|3|0|1|RB
0|111|54|7|2|0|1|RB
0|237|85|11|3|0|1|RB
0|228|78|10|3|0|0|RB
0|137|93|12|2|0|0|RB
0|245|67|8|3|0|0|RB
0|123|93|12|2|0|1|RB
0|115|100|12|2|0|1|RB
0|130|79|10|2|0|1|RB
0|247|95|12|3|0|0|RB
0|193|82|10|3|0|1|RB
0|191|50|6|2|0|1|RB
0|242|84|10|3|0|0|RB
0|173|100|12|3|0|0|RB
0|108|55|7|2|0|0|RB
0|206|74|9|3|0|1|RB
0|185|85|11|3|0|1|RB
0|154|77|10|2|0|0|RB
0|231|61|8|3|0|1|RB
0|123|73|9|2|0|0|RB
0|136|87|11|2|0|0|RB
0|238|92|12|3|0|1|RB
0|175|70|9|2|0|1|RB
0|219|62|8|3|0|1|RB
0|109|71|9|2|0|0|RB
0|190|61|8|3|0|0|RB
0|107|85|11|2|0|1|RB
0|155|73|9|2|0|1|RB
0|200|80|10|3|0|0|RB
0|192|90|11|3|0|0|RB
0|155|98|12|3|0|0|RB
0|149|91|11|2|0|1|RB
0|212|78|10|3|0|1|RB
0|195|92|12|3|0|0|RB
0|232|71|9|3|0|0|RB
0|209|60|8|3|0|0|RB
0|181|63|8|2|0|0|RB
0|171|67|8|2|0|1|RB
0|127|91|11|2|0|0|RB
0|248|90|11|3|0|1|RB
0|124|60|8|2|0|1|RB
0|133|89|11|2|0|1|RB
0|203|77|10|3|0|0|RB
0|171|61|8|2|0|1|RB
0|186|67|8|3|0|0|RB
0|103|63|8|2|0|1|RB
0|244|76|10|3|0|0|RB
0|107|62|8|2|0|0|RB
0|210|56|7|3|0|1|RB
0|179|55|7|2|0|1|RB
0|148|59|7|2|0|0|RB
0|213|77|10|3|0|1|RB
0|192|72|9|3|0|1|RB
0|229|50|6|3|0|1|RB
0|198|53|7|3|0|1|RB
0|183|76|10|3|0|1|RB
0|145|87|11|2|0|0|RB
0|145|84|10|2|0|0|RB
0|177|95|12|3|0|1|RB
0|119|71|9|2|0|0|RB
0|218|60|8|3|0|0|RB
0|215|60|8|3|0|0|RB
0|147|80|10|2|0|1|RB
0|155|64|8|2|0|1|RB
0|239|96|12|3|0|0|RB
0|143|99|12|2|0|0|RB
0|240|69|9|3|0|0|RB
0|164|94|12|3|0|0|RB
0|182|65|8|2|0|0|RB
0|196|86|11|3|0|1|RB
0|129|62|8|2|0|0|RB
0|192|99|12|3|0|1|RB
0|164|80|10|2|0|0|RB
0|205|87|11|3|0|1|RB
0|138|65|8|2|0|0|RB
0|155|100|12|3|0|1|RB
0|236|84|10|3|0|1|RB
0|151|59|7|2|0|0|RB
0|135|94|12|2|0|0|RB
0|115|59|7|2|0|1|RB
0|184|76|10|3|0|1|RB
0|201|66|8|3|0|1|RB
0|42|60|8|1|0|2|RB
0|56|58|7|1|0|0|RB
0|74|64|8|1|0|1|RB
0|68|31|4|1|0|0|RB
0|48|56|7|1|0|2|RB
0|34|37|5|1|0|1|RB
0|43|71|9|1|0|0|RB
0|44|51|6|1|0|0|RB
0|40|30|4|1|0|2|RB
0|68|58|7|1|0|2|RB
0|52|37|5|1|0|0|RB
0|61|56|7|1|0|1|RB
0|62|66|8|1|0|1|RB
0|47|26|3|1|0|0|RB
0|63|73|9|1|0|0|RB
0|23|58|7|1|0|1|RB
0|22|69|9|1|0|1|RB
0|26|20|2|0|0|1|RB
0|56|24|3|1|0|2|RB
0|67|62|8|1|0|1|RB
0|49|28|4|1|0|1|RB
0|50|74|9|1|0|1|RB
0|59|71|9|1|0|1|RB
0|46|29|4|1|0|1|RB
0|27|49|6|1|0|0|RB
0|38|27|3|1|0|2|RB
0|45|35|4|1|0|0|RB
0|64|33|4|1|0|1|RB
0|50|43|5|1|0|2|RB
0|40|56|7|1|0|2|RB
0|43|41|5|1|0|2|RB
0|53|64|8|1|0|1|RB
0|27|29|4|1|0|1|RB
0|62|22|3|1|0|0|RB
0|70|38|5|1|0|1|RB
0|63|40|5|1|0|2|RB
0|65|62|8|1|0|2|RB
0|30|37|5|1|0|2|RB
0|38|34|4|1|0|0|RB
0|44|54|7|1|0|0|RB
0|22|24|3|0|0|2|RB
0|32|41|5|1|0|2|RB
0|62|58|7|1|0|1|RB
0|68|27|3|1|0|2|RB
0|44|30|4|1|0|0|RB
0|29|72|9|1|0|0|RB
0|46|47|6|1|0|0|RB
0|30|40|5|1|0|0|RB
0|65|73|9|1|0|0|RB
0|23|56|7|1|0|1|RB
0|43|60|8|1|0|0|RB
0|72|69|9|1|0|1|RB
0|64|65|8|1|0|2|RB
0|32|50|6|1|0|2|RB
0|47|35|4|1|0|0|RB
0|33|43|5|1|0|2|RB
0|54|23|3|1|0|0|RB
0|31|48|6|1|0|1|RB
0|37|30|4|1|0|0|RB
0|61|48|6|1|0|0|RB
0|54|32|4|1|0|2|RB
0|44|37|5|1|0|1|RB
0|24|59|7|1|0|0|RB
0|28|39|5|1|0|1|RB
0|33|43|5|1|0|1|RB
0|23|70|9|1|0|0|RB
0|74|64|8|1|0|1|RB
0|49|49|6|1|0|2|RB
0|41|36|4|1|0|0|RB
0|54|66|8|1|0|1|RB
0|61|26|3|1|0|2|RB
0|68|51|6|1|0|0|RB
0|36|68|8|1|0|1|RB
0|62|35|4|1|0|1|RB
0|49|43|5|1|0|1|RB
0|53|29|4|1|0|2|RB
0|49|73|9|1|0|0|RB
0|71|25|3|1|0|0|RB
0|51|46|6|1|0|2|RB
0|30|66|8|1|0|1|RB
0|69|28|4|1|0|2|RB
0|43|59|7|1|0|1|RB
0|62|61|8|1|0|2|RB
0|35|27|3|1|0|2|RB
0|35|42|5|1|0|0|RB
0|72|27|3|1|0|2|RB
0|62|73|9|1|0|1|RB
0|40|25|3|1|0|1|RB
0|30|60|8|1|0|2|RB
0|49|49|6|1|0|0|RB
0|61|22|3|1|0|2|RB
0|21|30|4|1|0|2|RB
0|44|28|4|1|0|2|RB
0|54|75|9|1|0|0|RB
0|28|60|8|1|0|2|RB
0|34|20|2|1|0|0|RB
0|72|27|3|1|0|2|RB
0|70|33|4|1|0|1|RB
0|67|43|5|1|0|1|RB
0|44|72|9|1|0|0|RB
0|38|53|7|1|0|2|RB
0|33|66|8|1|0|0|RB
0|56|21|3|1|0|2|RB
0|23|43|5|1|0|2|RB
0|64|38|5|1|0|2|RB
0|55|23|3|1|0|0|RB
0|39|62|8|1|0|0|RB
0|61|32|4|1|0|1|RB
0|35|42|5|1|0|2|RB
0|51|53|7|1|0|1|RB
0|32|51|6|1|0|0|RB
0|47|37|5|1|0|1|RB
0|64|64|8|1|0|2|RB
0|55|53|7|1|0|1|RB
0|25|75|9|1|0|0|RB
0|23|31|4|1|0|2|RB
0|27|24|3|1|0|0|RB
0|61|43|5|1|0|1|RB
0|20|64|8|1|0|1|RB
0|22|73|9|1|0|0|RB
0|52|31|4|1|0|2|RB
0|67|62|8|1|0|2|RB
0|26|73|9|1|0|1|RB
0|59|68|8|1|0|0|RB
0|43|44|6|1|0|0|RB
0|26|61|8|1|0|0|RB
0|38|73|9|1|0|1|RB
0|51|61|8|1|0|2|RB
0|36|46|6|1|0|0|RB
0|68|71|9|1|0|0|RB
0|46|50|6|1|0|2|RB
0|29|50|6|1|0|2|RB
0|68|45|6|1|0|1|RB
0|47|35|4|1|0|1|RB
0|25|20|2|0|0|1|RB
0|41|67|8|1|0|1|RB
0|39|65|8|1|0|2|RB
0|73|24|3|1|0|1|RB
0|48|35|4|1|0|0|RB
0|67|24|3|1|0|0|RB
0|59|36|4|1|0|0|RB
0|45|29|4|1|0|0|RB
0|65|60|8|1|0|2|RB
0|32|49|6|1|0|0|RB
0|38|69|9|1|0|1|RB
0|62|49|6|1|0|0|RB
0|19|42|5|1|0|2|RB
0|34|48|6|1|0|0|RB
0|50|72|9|1|0|1|RB
0|65|41|5|1|0|1|RB
0|26|22|3|0|0|0|RB
0|25|73|9|1|0|0|RB
0|48|61|8|1|0|2|RB
0|67|37|5|1|0|1|RB
0|38|35|4|1|0|0|RB
0|29|31|4|1|0|1|RB
0|36|67|8|1|0|0|RB
0|37|19|2|1|0|2|RB
0|69|67|8|1|0|1|RB
0|27|47|6|1|0|1|RB
0|34|54|7|1|0|2|RB
0|69|70|9|1|0|0|RB
0|39|62|8|1|0|0|RB
0|55|47|6|1|0|0|RB
0|38|57|7|1|0|2|RB
0|49|58|7|1|0|2|RB
0|61|19|2|1|0|1|RB
0|26|56|7|1|0|0|RB
0|51|32|4|1|0|2|RB
0|34|63|8|1|0|1|RB
0|48|36|4|1|0|2|RB
0|64|31|4|1|0|1|RB
0|33|35|4|1|0|1|RB
0|32|46|6|1|0|0|RB
0|24|51|6|1|0|2|RB
0|21|72|9|1|0|0|RB
0|30|64|8|1|0|2|RB
0|34|68|8|1|0|0|RB
0|75|71|9|1|0|0|RB
0|44|40|5|1|0|0|RB
0|75|41|5|1|0|1|RB
0|42|32|4|1|0|0|RB
0|66|31|4|1|0|1|RB
0|39|41|5|1|0|0|RB
0|47|65|8|1|0|2|RB
0|62|29|4|1|0|0|RB
0|46|53|7|1|0|0|RB
0|44|48|6|1|0|0|RB
0|51|52|6|1|0|1|RB
0|56|56|7|1|0|0|RB
0|72|26|3|1|0|2|RB
0|60|35|4|1|0|2|RB
0|35|71|9|1|0|2|RB
0|57|53|7|1|0|0|RB
0|68|63|8|1|0|2|RB
0|42|39|5|1|0|2|RB
0|36|60|8|1|0|0|RB
0|28|40|5|1|0|2|RB
0|67|65|8|1|0|0|RB
0|45|52|6|1|0|0|RB
0|61|72|9|1|0|2|RB
0|73|54|7|1|0|1|RB
0|42|29|4|1|0|0|RB
0|27|25|3|1|0|1|RB
0|43|74|9|1|0|2|RB
0|72|26|3|1|0|2|RB
0|44|50|6|1|0|1|RB
0|69|36|4|1|0|2|RB
0|52|74|9|1|0|1|RB
0|55|54|7|1|0|2|RB
0|27|63|8|1|0|0|RB
0|20|50|6|1|0|0|RB
0|19|31|4|0|0|2|RB
0|64|50|6|1|0|0|RB
0|20|35|4|1|0|2|RB
0|48|31|4|1|0|0|RB
0|22|54|7|1|0|1|RB
0|55|57|7|1|0|2|RB
0|36|66|8|1|0|2|RB
0|59|41|5|1|0|2|RB
0|54|59|7|1|0|2|RB
0|25|34|4|1|0|0|RB
0|48|66|8|1|0|2|RB
0|66|56|7|1|0|2|RB
0|57|19|2|1|0|0|RB
0|19|54|7|1|0|0|RB
0|35|36|4|1|0|2|RB
0|54|59|7|1|0|2|RB
0|62|71|9|1|0|1|RB
0|45|31|4|1|0|0|RB
0|20|53|7|1|0|0|RB
0|68|70|9|1|0|1|RB
0|70|45|6|1|0|0|RB
0|24|45|6|1|0|1|RB
0|67|73|9|1|0|0|RB
0|24|68|8|1|0|2|RB
0|46|25|3|1|0|1|RB
0|26|41|5|1|0|1|RB
0|62|39|5|1|0|0|RB
0|31|39|5|1|0|0|RB
0|40|25|3|1|0|1|RB
0|71|74|9|1|0|2|RB
0|37|50|6|1|0|0|RB
0|36|69|9|1|0|0|RB
0|54|62|8|1|0|2|RB
0|58|67|8|1|0|1|RB
0|37|65|8|1|0|2|RB
0|19|19|2|0|0|2|RB
0|45|75|9|1|0|2|RB
0|54|75|9|1|0|1|RB
0|38|43|5|1|0|1|RB
0|30|47|6|1|0|1|RB
0|49|27|3|1|0|2|RB
0|50|64|8|1|0|1|RB
0|23|37|5|1|0|2|RB
0|46|48|6|1|0|2|RB
0|64|67|8|1|0|0|RB
0|63|45|6|1|0|2|RB
0|57|62|8|1|0|0|RB
0|68|64|8|1|0|1|RB
0|56|65|8|1|0|2|RB
0|32|52|6|1|0|1|RB
0|36|28|4|1|0|0|RB
0|58|48|6|1|0|0|RB
0|31|19|2|0|0|2|RB
0|36|29|4|1|0|1|RB
0|73|37|5|1|0|1|RB
0|26|44|6|1|0|2|RB
0|74|28|4|1|0|2|RB
0|36|50|6|1|0|1|RB
0|38|52|6|1|0|2|RB
0|65|46|6|1|0|2|RB
0|60|55|7|1|0|2|RB
0|63|39|5|1|0|0|RB
0|45|43|5|1|0|1|RB
0|62|61|8|1|0|1|RB
0|51|40|5|1|0|2|RB
0|30|68|8|1|0|1|RB
0|71|26|3|1|0|1|RB
0|44|29|4|1|0|2|RB
0|54|64|8|1|0|0|RB
0|59|20|2|1|0|1|RB
0|41|46|6|1|0|1|RB
0|27|74|9|1|0|2|RB
0|57|48|6|1|0|2|RB
0|41|26|3|1|0|2|RB
0|42|38|5|1|0|0|RB
0|56|38|5|1|0|0|RB
0|37|59|7|1|0|2|RB
0|51|30|4|1|0|1|RB
0|38|38|5|1|0|0|RB
0|55|64|8|1|0|1|RB
0|57|53|7|1|0|0|RB
0|31|49|6|1|0|1|RB
0|34|69|9|1|0|2|RB
0|22|62|8|1|0|2|RB
0|55|56|7|1|0|2|RB
0|45|43|5|1|0|2|RB
0|43|20|2|1|0|0|RB
0|57|45|6|1|0|0|RB
